[gd_scene load_steps=13 format=3 uid="uid://48rsfxcmew3e"]

[ext_resource type="Script" path="res://GameData/Scripts/game_scene.gd" id="1_70c6n"]
[ext_resource type="PackedScene" uid="uid://b1ugn81gamuu3" path="res://GameData/3D/GameScene/mainScene.glb" id="1_emsvy"]
[ext_resource type="PackedScene" uid="uid://c5gmvarioms50" path="res://BaseData/FPS/FPS.tscn" id="2_i12d4"]
[ext_resource type="Texture2D" uid="uid://dhm11of32pf4f" path="res://GameData/Image/skybox.jpg" id="2_khaln"]
[ext_resource type="Script" path="res://addons/UniParticles3D/UniParticles3D.gd" id="5_7ho34"]
[ext_resource type="PackedScene" uid="uid://brqg4acqnuqkl" path="res://GameData/NPC/Idiot6ArrowCap.tscn" id="5_h4ny3"]
[ext_resource type="Texture2D" uid="uid://v72i014dtfuf" path="res://GameData/Image/purpleFire.png" id="6_wwj4v"]
[ext_resource type="AudioStream" uid="uid://dwpf1a022egw6" path="res://GameData/Sounds/music0.mp3" id="8_g5yfj"]

[sub_resource type="PanoramaSkyMaterial" id="PanoramaSkyMaterial_70c6n"]
panorama = ExtResource("2_khaln")

[sub_resource type="Sky" id="Sky_h4ny3"]
sky_material = SubResource("PanoramaSkyMaterial_70c6n")

[sub_resource type="Environment" id="Environment_i12d4"]
background_mode = 2
sky = SubResource("Sky_h4ny3")
tonemap_mode = 3
ssil_enabled = true
glow_enabled = true
glow_intensity = 4.3
glow_strength = 0.45
glow_bloom = 1.0
fog_light_energy = 6.05
fog_density = 0.011

[sub_resource type="CylinderShape3D" id="CylinderShape3D_khaln"]
height = 18.5956
radius = 2.01251

[node name="GameScene" type="Node3D"]
script = ExtResource("1_70c6n")

[node name="mainScene" parent="." instance=ExtResource("1_emsvy")]

[node name="WorldEnvironment" type="WorldEnvironment" parent="."]
environment = SubResource("Environment_i12d4")

[node name="FPS" parent="." instance=ExtResource("2_i12d4")]
transform = Transform3D(-0.989925, 0, -0.141592, 0, 1, 0, 0.141592, 0, -0.989925, -30.4034, 0.00613106, 2.17252)

[node name="light" type="Node3D" parent="."]

[node name="OmniLight3D" type="OmniLight3D" parent="light"]
transform = Transform3D(1, 0, 0, 0, 1, 0, 0, 0, 1, 0, 4.39238, 34.0632)
light_energy = 5.114
omni_range = 41.085

[node name="OmniLight3D2" type="OmniLight3D" parent="light"]
transform = Transform3D(1, 0, 0, 0, 1, 0, 0, 0, 1, -27.6282, 4.39238, 21.153)
light_energy = 5.114
omni_range = 41.085

[node name="OmniLight3D3" type="OmniLight3D" parent="light"]
transform = Transform3D(1, 0, 0, 0, 1, 0, 0, 0, 1, -33.2799, 4.39238, -3.0617)
light_energy = 5.114
omni_range = 41.085

[node name="OmniLight3D4" type="OmniLight3D" parent="light"]
transform = Transform3D(1, 0, 0, 0, 1, 0, 0, 0, 1, -21.872, 4.39238, -25.3749)
light_energy = 5.114
omni_range = 41.085

[node name="OmniLight3D5" type="OmniLight3D" parent="light"]
transform = Transform3D(1, 0, 0, 0, 1, 0, 0, 0, 1, -3.09008, 4.39238, -32.9979)
light_energy = 5.114
omni_range = 41.085

[node name="OmniLight3D6" type="OmniLight3D" parent="light"]
transform = Transform3D(1, 0, 0, 0, 1, 0, 0, 0, 1, 16.5693, 4.39238, -27.4721)
light_energy = 5.114
omni_range = 41.085

[node name="OmniLight3D7" type="OmniLight3D" parent="light"]
transform = Transform3D(1, 0, 0, 0, 1, 0, 0, 0, 1, 30.5693, 4.39238, -6.47212)
light_energy = 5.114
omni_range = 41.085

[node name="OmniLight3D8" type="OmniLight3D" parent="light"]
transform = Transform3D(1, 0, 0, 0, 1, 0, 0, 0, 1, 22.6843, 4.39238, 23.2583)
light_energy = 5.114
omni_range = 41.085

[node name="FinishArea" type="Area3D" parent="."]
transform = Transform3D(1, 0, 0, 0, 1, 0, 0, 0, 1, -29.6092, 0, -6.90023)

[node name="CollisionShape3D" type="CollisionShape3D" parent="FinishArea"]
shape = SubResource("CylinderShape3D_khaln")

[node name="UniParticles3D" type="Node3D" parent="FinishArea"]
script = ExtResource("5_7ho34")
start_size_constant = Vector2(3.305, 4.64)
enable_play_behavior = Vector2i(1, 1)
enable_emission = Vector2i(1, 1)
max_particles = 10
rate_over_time = 12.415
rate_over_distance = 8.415
enable_shape = Vector2i(1, 1)
radius = 0.85
angle = 1.5
arc_mode = 3
enable_rendering = Vector2i(1, 1)
particle_texture = ExtResource("6_wwj4v")

[node name="Idiot6ArrowCap" parent="." instance=ExtResource("5_h4ny3")]
transform = Transform3D(-0.866025, 0, -0.5, 0, 1, 0, 0.5, 0, -0.866025, -14.189, 0.00570416, -28.2081)

[node name="Idiot6ArrowCap14" parent="." instance=ExtResource("5_h4ny3")]
transform = Transform3D(-0.866025, 0, -0.5, 0, 1, 0, 0.5, 0, -0.866025, -20.4373, 0.00570416, -22.9856)

[node name="Idiot6ArrowCap15" parent="." instance=ExtResource("5_h4ny3")]
transform = Transform3D(-0.866025, 0, -0.5, 0, 1, 0, 0.5, 0, -0.866025, -25.9219, 0.00570368, -17.07)

[node name="Idiot6ArrowCap2" parent="." instance=ExtResource("5_h4ny3")]
transform = Transform3D(-0.866025, 0, -0.5, 0, 1, 0, 0.5, 0, -0.866025, -7.39737, 0.00570416, -31.6454)

[node name="Idiot6ArrowCap3" parent="." instance=ExtResource("5_h4ny3")]
transform = Transform3D(-0.866025, 0, -0.5, 0, 1, 0, 0.5, 0, -0.866025, 0.814388, 0.00570416, -31.6454)

[node name="Idiot6ArrowCap4" parent="." instance=ExtResource("5_h4ny3")]
transform = Transform3D(-0.866025, 0, -0.5, 0, 1, 0, 0.5, 0, -0.866025, 9.63728, 0.00570416, -31.2267)

[node name="Idiot6ArrowCap5" parent="." instance=ExtResource("5_h4ny3")]
transform = Transform3D(-0.866025, 0, -0.5, 0, 1, 0, 0.5, 0, -0.866025, 19.5464, 0.00570416, -25.9132)

[node name="Idiot6ArrowCap6" parent="." instance=ExtResource("5_h4ny3")]
transform = Transform3D(-0.866025, 0, -0.5, 0, 1, 0, 0.5, 0, -0.866025, 31.3939, 0.00570416, -16.554)

[node name="Idiot6ArrowCap7" parent="." instance=ExtResource("5_h4ny3")]
transform = Transform3D(-0.866025, 0, -0.5, 0, 1, 0, 0.5, 0, -0.866025, 34.8734, 0.00570416, -2.4789)

[node name="Idiot6ArrowCap8" parent="." instance=ExtResource("5_h4ny3")]
transform = Transform3D(-0.866025, 0, -0.5, 0, 1, 0, 0.5, 0, -0.866025, 33.3626, 0.00570416, 8.08239)

[node name="Idiot6ArrowCap9" parent="." instance=ExtResource("5_h4ny3")]
transform = Transform3D(-0.866025, 0, -0.5, 0, 1, 0, 0.5, 0, -0.866025, 28.3869, 0.00570416, 21.1384)

[node name="Idiot6ArrowCap10" parent="." instance=ExtResource("5_h4ny3")]
transform = Transform3D(-0.866025, 0, -0.5, 0, 1, 0, 0.5, 0, -0.866025, 17.9241, 0.00570416, 30.2366)

[node name="Idiot6ArrowCap11" parent="." instance=ExtResource("5_h4ny3")]
transform = Transform3D(-0.866025, 0, -0.5, 0, 1, 0, 0.5, 0, -0.866025, 7.68571, 0.00570416, 33.0768)

[node name="Idiot6ArrowCap12" parent="." instance=ExtResource("5_h4ny3")]
transform = Transform3D(-0.866025, 0, -0.5, 0, 1, 0, 0.5, 0, -0.866025, -4.61567, 0.00570416, 31.9873)

[node name="Idiot6ArrowCap13" parent="." instance=ExtResource("5_h4ny3")]
transform = Transform3D(-0.866025, 0, -0.5, 0, 1, 0, 0.5, 0, -0.866025, -17.6627, 0.00570416, 27.0684)

[node name="music" type="AudioStreamPlayer" parent="."]
stream = ExtResource("8_g5yfj")
volume_db = -20.0
autoplay = true
bus = &"Music"

[connection signal="body_entered" from="FinishArea" to="." method="_on_finish_area_body_entered"]
[connection signal="body_exited" from="FinishArea" to="." method="_on_finish_area_body_exited"]
